Running 30 year(s) seed=0...
{
  "years": 30,
  "seed": 0,
  "stats": {
    "numPlayers": 901,
    "avgAge": 27.220865704772475,
    "retired": 163,
    "youthGenerated": 138,
    "avgOvr": 72.06132075471699,
    "avgPot": 76.64039955604883,
    "clubReps": [
      64,
      55,
      50,
      50,
      50,
      50,
      50,
      50,
      50,
      50,
      50,
      50,
      50,
      50,
      50,
      50,
      50,
      50,
      50,
      50,
      50,
      50,
      50,
      50,
      50,
      50,
      50,
      50,
      50,
      50,
      50,
      50,
      50,
      50,
      50,
      50,
      50,
      50,
      50,
      50,
      50,
      50,
      50,
      50,
      50,
      50,
      50,
      50,
      50,
      50,
      50,
      50,
      50,
      50,
      50,
      50,
      50,
      50,
      50,
      50,
      50,
      50,
      50,
      50,
      50,
      50,
      50,
      50,
      50,
      50,
      50,
      50,
      50,
      50,
      50,
      50,
      50,
      50,
      50,
      50,
      50,
      50,
      50,
      50,
      50,
      50,
      50,
      50,
      50,
      50,
      50,
      50,
      50,
      50,
      50,
      50,
      50,
      50,
      50,
      50,
      50,
      50,
      50,
      50,
      50
    ],
    "leagueStrength": 73.76897531317735,
    "transfers": 0,
    "promotions": 1636,
    "relegations": 0,
    "avgClubBalance": 277,
    "matches": 39,
    "goals": 116,
    "goalsPerMatch": 2.9743589743589745,
    "mgrChanges": 198
  },
  "issues": []
}
Running 30 year(s) seed=1...
{
  "years": 30,
  "seed": 1,
  "stats": {
    "numPlayers": 901,
    "avgAge": 27.223085460599336,
    "retired": 163,
    "youthGenerated": 138,
    "avgOvr": 72.14678135405106,
    "avgPot": 76.64039955604883,
    "clubReps": [
      64,
      55,
      50,
      50,
      50,
      50,
      50,
      50,
      50,
      50,
      50,
      50,
      50,
      50,
      50,
      50,
      50,
      50,
      50,
      50,
      50,
      50,
      50,
      50,
      50,
      50,
      50,
      50,
      50,
      50,
      50,
      50,
      50,
      50,
      50,
      50,
      50,
      50,
      50,
      50,
      50,
      50,
      50,
      50,
      50,
      50,
      50,
      50,
      50,
      50,
      50,
      50,
      50,
      50,
      50,
      50,
      50,
      50,
      50,
      50,
      50,
      50,
      50,
      50,
      50,
      50,
      50,
      50,
      50,
      50,
      50,
      50,
      50,
      50,
      50,
      50,
      50,
      50,
      50,
      50,
      50,
      50,
      50,
      50,
      50,
      50,
      50,
      50,
      50,
      50,
      50,
      50,
      50,
      50,
      50,
      50,
      50,
      50,
      50,
      50,
      50,
      50,
      50,
      50,
      50
    ],
    "leagueStrength": 73.88877577723066,
    "transfers": 0,
    "promotions": 1640,
    "relegations": 0,
    "avgClubBalance": 314,
    "matches": 39,
    "goals": 116,
    "goalsPerMatch": 2.9743589743589745,
    "mgrChanges": 198
  },
  "issues": []
}
Running 30 year(s) seed=2...
