PHASE 1: ADVANCE DAY PERFORMANCE BASELINE MEASUREMENTS
Building initial state...

====================================================================================================
BASELINE MEASUREMENT: FRESH CAREER - 7 DAYS
Advancing 7 consecutive days...
====================================================================================================
  Day 7/7: 983.11ms | Transfers=35 Negotiations=28 Events=25

  SUMMARY:
    Total time: 6145.80ms (7 days)
    Average per day: 877.97ms
    Max day: 1161.16ms
    Min day: 705.08ms
    State size growth: 41099 bytes (0.04 MB)
    Initial state size: 43.43 MB
    Final state size: 43.47 MB

  HOOK TIMING SUMMARY (if available):
    ai: 1010.69ms total (avg 144.38ms)
    events: 377.09ms total (avg 53.87ms)
    injuries: 216.91ms total (avg 30.99ms)
    training: 215.52ms total (avg 30.79ms)
    recovery: 209.97ms total (avg 30.00ms)
    fixtures: 206.02ms total (avg 29.43ms)
    finances: 28.51ms total (avg 4.07ms)
    scouting: 0.82ms total (avg 0.12ms)
    development: 0.44ms total (avg 0.06ms)

====================================================================================================
BASELINE MEASUREMENT: FRESH CAREER - 30 DAYS TOTAL
Advancing 23 consecutive days...
====================================================================================================
  Day 10/23: 3276.29ms | Transfers=36 Negotiations=77 Events=4166
  Day 20/23: 930.46ms | Transfers=37 Negotiations=116 Events=64
  Day 23/23: 974.71ms | Transfers=37 Negotiations=130 Events=20

  SUMMARY:
    Total time: 24013.54ms (23 days)
    Average per day: 1044.07ms
    Max day: 3276.29ms
    Min day: 713.18ms
    State size growth: 1091280 bytes (1.04 MB)
    Initial state size: 43.47 MB
    Final state size: 44.51 MB

  HOOK TIMING SUMMARY (if available):
    ai: 4850.11ms total (avg 210.87ms)
    development: 2127.48ms total (avg 92.50ms)
    events: 1219.80ms total (avg 53.03ms)
    fixtures: 1010.92ms total (avg 43.95ms)
    injuries: 688.35ms total (avg 29.93ms)
    training: 678.71ms total (avg 29.51ms)
    recovery: 648.23ms total (avg 28.18ms)
    finances: 97.25ms total (avg 4.23ms)
    scouting: 0.78ms total (avg 0.03ms)

Building mature five-season state with simulateSeasonQuick...
  Mature setup season 1/5: 2027/28
  Mature setup season 2/5: 2028/29
  Mature setup season 3/5: 2029/30
  Mature setup season 4/5: 2030/31
  Mature setup season 5/5: 2031/32

====================================================================================================
BASELINE MEASUREMENT: MATURE CAREER - 5 SEASONS + 30 DAYS
Advancing 30 consecutive days...
====================================================================================================
  Day 10/30: 1339.41ms | Transfers=3500 Negotiations=2885 Events=1757
  Day 20/30: 1823.29ms | Transfers=3503 Negotiations=4341 Events=20
  Day 30/30: 19623.72ms | Transfers=3507 Negotiations=6306 Events=7217

  SUMMARY:
    Total time: 861205.72ms (30 days)
    Average per day: 28706.86ms
    Max day: 199253.62ms
    Min day: 1339.41ms
    State size growth: -8292993 bytes (-7.91 MB)
    Initial state size: 91.55 MB
    Final state size: 83.64 MB

  HOOK TIMING SUMMARY (if available):
    events: 523035.36ms total (avg 17434.51ms)
    fixtures: 238542.80ms total (avg 7951.43ms)
    development: 40204.93ms total (avg 1340.16ms)
    ai: 22170.10ms total (avg 739.00ms)
    injuries: 1856.14ms total (avg 61.87ms)
    recovery: 1801.14ms total (avg 60.04ms)
    training: 1780.90ms total (avg 59.36ms)
    finances: 170.90ms total (avg 5.70ms)
    scouting: 1.00ms total (avg 0.03ms)

Attempting to load realistic career from localStorage...
  (No realistic career available in test environment)

====================================================================================================
MEASUREMENT RESULTS - CSV DATA
====================================================================================================

## FRESH-7

Date,Day,Season,Week,TotalMs,Clubs,Players,Transfers,Negotiations,Events,News,Fixtures,Inbox,Contracts,CareerHistory,fixturesMs,trainingMs,recoveryMs,injuriesMs,developmentMs,aiMs,scoutingMs,financesMs,eventsMs,newsMs
2026-11-12,104,2026/27,15,1061.63,1737,41521,35,22,23,2,108,22,18,1,29.08,34.12,36.15,29.89,0.34,298.02,0.58,1.57,90.99,0.00
2026-11-13,105,2026/27,15,1161.16,1737,41521,35,22,20,2,108,22,18,1,29.59,30.64,29.42,34.51,0.02,349.45,0.04,26.02,73.23,0.00
2026-11-14,106,2026/27,16,812.16,1737,41521,35,22,21,2,108,22,18,1,33.42,30.35,29.14,36.95,0.02,60.60,0.03,0.03,40.36,0.00
2026-11-15,107,2026/27,16,705.08,1737,41521,35,22,21,2,108,22,18,1,30.20,30.70,30.87,29.06,0.02,1.38,0.03,0.80,45.48,0.00
2026-11-16,108,2026/27,16,713.11,1737,41521,35,22,21,2,108,22,18,1,27.49,26.62,26.50,26.96,0.02,1.26,0.04,0.03,58.13,0.00
2026-11-17,109,2026/27,16,709.54,1737,41521,35,22,21,2,108,22,18,1,26.34,33.38,29.67,30.36,0.02,1.65,0.05,0.03,34.05,0.00
2026-11-18,110,2026/27,16,983.11,1737,41521,35,28,25,2,108,23,18,1,29.90,29.69,28.20,29.17,0.02,298.34,0.05,0.03,34.86,0.00


## FRESH-30

Date,Day,Season,Week,TotalMs,Clubs,Players,Transfers,Negotiations,Events,News,Fixtures,Inbox,Contracts,CareerHistory,fixturesMs,trainingMs,recoveryMs,injuriesMs,developmentMs,aiMs,scoutingMs,financesMs,eventsMs,newsMs
2026-11-19,111,2026/27,16,1012.88,1737,41521,35,40,62,2,108,57,18,1,27.27,28.93,28.01,27.74,0.01,264.67,0.03,0.02,104.74,0.00
2026-11-20,112,2026/27,16,972.55,1737,41521,35,41,20,2,108,57,18,1,26.87,25.73,28.35,28.16,0.01,253.43,0.03,21.94,41.65,0.00
2026-11-21,113,2026/27,17,1218.79,1737,41521,36,50,34,2,108,64,18,1,147.22,27.59,26.63,29.08,0.01,298.63,0.05,0.03,45.21,0.00
2026-11-22,114,2026/27,17,962.42,1737,41521,36,50,34,2,108,64,18,1,46.58,34.26,28.53,26.43,0.01,194.80,0.04,0.03,57.84,0.00
2026-11-23,115,2026/27,17,772.65,1737,41521,36,50,34,2,108,64,18,1,28.20,28.58,26.19,43.28,0.01,2.11,0.03,0.03,46.12,0.00
2026-11-24,116,2026/27,17,713.18,1737,41521,36,50,34,2,108,64,18,1,27.33,26.36,37.43,31.56,0.01,1.12,0.06,0.03,37.82,0.00
2026-11-25,117,2026/27,17,1006.10,1737,41521,36,51,44,2,108,64,18,1,26.84,26.68,29.18,32.52,0.01,287.96,0.05,0.02,55.94,0.00
2026-11-26,118,2026/27,17,994.76,1737,41521,36,68,49,2,108,64,18,1,27.43,28.99,28.73,26.95,0.01,266.71,0.03,0.02,64.61,0.00
2026-11-27,119,2026/27,17,1005.52,1737,41521,36,68,20,2,108,64,18,1,29.51,27.35,27.57,28.97,0.01,315.12,0.04,21.78,40.17,0.00
2026-11-28,120,2026/27,18,3276.29,1737,41521,36,77,4166,226,108,98,18,1,140.12,41.84,25.75,26.59,2127.29,279.30,0.05,0.04,67.69,0.00
2026-11-29,121,2026/27,18,952.00,1737,41521,36,83,4172,226,108,98,18,1,27.71,35.25,27.90,29.30,0.01,248.38,0.02,0.02,41.40,0.00
2026-11-30,122,2026/27,18,824.32,1737,41521,36,83,4172,226,108,98,18,1,24.92,27.15,32.19,30.00,0.01,126.84,0.03,0.06,39.58,0.00
2026-12-01,123,2026/27,18,735.11,1737,41521,36,83,4172,226,108,98,18,1,27.51,25.07,28.42,30.38,0.01,4.17,0.03,0.02,55.75,0.00
2026-12-02,124,2026/27,18,953.05,1737,41521,36,84,4175,226,108,99,18,1,27.14,29.22,26.17,33.02,0.01,249.27,0.03,0.05,42.80,0.00
2026-12-03,125,2026/27,18,972.88,1737,41521,36,96,4189,226,108,111,18,1,36.71,28.40,26.18,26.10,0.01,246.40,0.04,0.04,70.17,0.00
2026-12-04,126,2026/27,18,1019.07,1737,41521,36,96,20,226,108,129,18,1,27.86,41.90,26.63,28.98,0.01,255.66,0.03,29.25,72.51,0.00
2026-12-05,127,2026/27,19,1076.35,1737,41521,36,104,33,226,108,132,18,1,140.99,26.35,26.42,28.96,0.01,277.42,0.03,0.03,33.69,0.00
2026-12-06,128,2026/27,19,964.32,1737,41521,37,104,36,226,108,132,18,1,27.38,30.45,30.35,28.07,0.01,272.74,0.04,0.02,34.80,0.00
2026-12-07,129,2026/27,19,735.75,1737,41521,37,104,51,226,108,132,18,1,28.03,31.70,28.14,36.55,0.01,0.98,0.03,0.02,56.46,0.00
2026-12-08,130,2026/27,19,930.46,1737,41521,37,116,64,226,108,133,18,1,26.50,26.04,27.49,28.63,0.01,262.90,0.03,0.02,35.21,0.00
2026-12-09,131,2026/27,19,960.31,1737,41521,37,117,68,226,108,134,18,1,28.09,27.62,29.36,30.97,0.02,256.49,0.04,0.12,42.68,0.00
2026-12-10,132,2026/27,19,980.06,1737,41521,37,129,96,226,108,159,18,1,28.19,26.27,25.95,29.27,0.01,229.67,0.02,0.02,98.34,0.00
2026-12-11,133,2026/27,19,974.71,1737,41521,37,130,20,226,108,159,18,1,32.52,26.97,26.66,26.84,0.01,255.35,0.02,23.62,34.62,0.00


## MATURE-30

Date,Day,Season,Week,TotalMs,Clubs,Players,Transfers,Negotiations,Events,News,Fixtures,Inbox,Contracts,CareerHistory,fixturesMs,trainingMs,recoveryMs,injuriesMs,developmentMs,aiMs,scoutingMs,financesMs,eventsMs,newsMs
2031-08-02,2,2031/32,1,95137.13,1737,44979,3492,1707,7104,2,35756,7101,18,1,45.40,46.44,36.47,32.21,0.02,633.87,0.04,0.91,93245.57,0.00
2031-08-03,3,2031/32,1,3110.17,1737,44979,3492,1719,7116,2,35756,7113,18,1,82.38,59.87,77.92,62.54,0.01,1114.73,0.04,0.03,381.31,0.00
2031-08-04,4,2031/32,1,31134.83,1737,44979,3498,2003,7941,2,35756,7938,18,1,84.18,54.07,69.48,69.94,0.01,963.76,0.04,0.03,28686.95,0.00
2031-08-05,5,2031/32,1,3038.19,1737,44979,3498,2012,7951,2,35756,7947,18,1,82.59,77.40,92.82,88.84,0.01,1002.24,0.05,0.04,257.66,0.00
2031-08-06,6,2031/32,1,31459.52,1737,44979,3500,2289,8788,2,35756,8784,18,1,106.52,123.15,85.85,83.51,0.01,953.68,0.03,0.03,28584.54,0.00
2031-08-07,7,2031/32,1,2486.12,1737,44979,3500,2292,20,2,35756,8787,18,1,79.86,67.56,57.90,67.32,0.01,876.76,0.04,55.88,116.74,0.00
2031-08-08,8,2031/32,2,20283.78,1737,44979,3500,2576,868,2,35756,9635,18,1,77.36,69.75,67.08,79.96,0.01,952.63,0.03,0.03,17876.51,0.00
2031-08-09,9,2031/32,2,1618.64,1737,44979,3500,2600,916,2,35756,9682,18,1,33.29,36.58,33.40,37.73,0.01,471.68,0.03,0.02,359.43,0.00
2031-08-10,10,2031/32,2,21599.48,1737,44979,3500,2879,1751,2,35756,10514,18,1,40.33,34.74,30.55,39.79,0.01,401.87,0.03,0.02,20354.97,0.00
2031-08-11,11,2031/32,2,1339.41,1737,44979,3500,2885,1757,2,35756,10520,18,1,35.03,37.12,36.80,32.62,0.01,424.12,0.03,0.02,103.49,0.00
2031-08-12,12,2031/32,2,18929.99,1737,44979,3501,3166,2629,2,35756,11392,18,1,36.43,35.08,40.39,38.80,0.01,448.16,0.02,0.02,17654.21,0.00
2031-08-13,13,2031/32,2,1465.65,1737,44979,3501,3178,2641,2,35756,11395,18,1,38.78,41.94,36.17,41.36,0.01,466.07,0.03,0.02,130.63,0.00
2031-08-14,14,2031/32,2,21935.16,1737,44979,3501,3451,20,2,35756,12224,18,1,35.78,49.96,50.23,38.01,0.01,476.28,0.03,28.27,20460.05,0.00
2031-08-15,15,2031/32,3,1469.88,1737,44979,3501,3463,47,2,35756,12224,18,1,48.93,48.41,47.42,55.24,0.01,440.58,0.03,0.03,96.72,0.00
2031-08-16,16,2031/32,3,114812.42,1737,44979,3503,3762,1781,34,35756,13114,18,1,76702.97,94.17,80.06,76.10,0.01,1007.44,0.05,0.03,35599.29,0.00
2031-08-17,17,2031/32,3,2312.77,1737,44979,3503,3765,1784,34,35756,13114,18,1,60.51,69.40,85.70,74.10,0.02,852.48,0.02,0.03,101.01,0.00
2031-08-18,18,2031/32,3,28903.16,1737,44979,3503,4045,2653,34,35756,13139,18,1,49.01,47.30,46.02,51.61,0.01,585.04,0.03,0.03,27121.17,0.00
2031-08-19,19,2031/32,3,1921.48,1737,44979,3503,4051,2660,34,35756,13139,18,1,66.37,83.97,74.48,57.25,0.01,587.46,0.03,0.02,95.64,0.00
2031-08-20,20,2031/32,3,28296.06,1737,44979,3503,4332,3450,34,35756,13153,18,1,50.14,57.70,50.26,66.70,0.01,982.44,0.04,0.03,25960.83,0.00
2031-08-21,21,2031/32,3,1823.29,1737,44979,3503,4341,20,35,35756,13153,18,1,70.21,48.68,56.67,50.52,0.01,548.36,0.03,36.13,136.89,0.00
2031-08-22,22,2031/32,4,25225.44,1737,44979,3504,4624,856,35,35756,13168,18,1,42.53,36.36,52.88,56.27,0.01,535.08,0.03,0.02,23507.78,0.00
2031-08-23,23,2031/32,4,86874.61,1737,44979,3504,4643,1742,281,35756,14032,18,1,73142.31,64.27,69.41,72.34,0.01,880.12,0.03,0.02,11444.33,0.00
2031-08-24,24,2031/32,4,27883.67,1737,44979,3504,4917,2618,281,35756,14040,18,1,62.28,78.27,66.13,83.55,0.02,827.96,0.04,0.03,25731.06,0.00
2031-08-25,25,2031/32,4,2159.14,1737,44979,3504,4919,2624,281,35756,14040,18,1,64.75,53.86,44.53,53.08,0.01,819.64,0.04,0.03,100.36,0.00
2031-08-26,26,2031/32,4,26458.70,1737,44979,3506,5360,3434,282,35756,14050,18,1,273.47,47.32,54.20,50.80,0.01,734.56,0.03,0.03,24137.94,0.00
2031-08-27,27,2031/32,4,2289.56,1737,44979,3506,5366,3436,284,35756,14050,18,1,68.04,70.99,80.44,68.51,0.01,743.79,0.03,0.02,155.23,0.00
2031-08-28,28,2031/32,4,35843.36,1737,44979,3507,5812,20,285,35756,14898,18,1,53.98,49.97,51.03,48.75,0.01,546.65,0.03,49.05,34084.80,0.00
2031-08-29,29,2031/32,5,2516.76,1737,44979,3507,5824,33,285,35756,14898,18,1,86.50,79.56,60.14,76.96,0.01,822.20,0.03,0.03,122.89,0.00
2031-08-30,30,2031/32,5,199253.62,1737,44979,3507,6297,7048,835,35756,17268,18,1,72392.57,51.26,93.40,128.13,40204.59,1305.48,0.04,0.04,83598.71,0.00
2031-08-31,31,2031/32,5,19623.72,1737,44979,3507,6306,7217,907,35756,17428,18,1,14530.30,65.75,73.32,73.61,0.02,764.94,0.04,0.02,2828.64,0.00

Γ£ô Wrote outputs/baseline-fresh-7.csv
Γ£ô Wrote outputs/baseline-fresh-30.csv
Γ£ô Wrote outputs/baseline-mature-30.csv
